0 0.293497 0.596065 0.061655 0.081019
2 0.307855 0.818866 0.043074 0.054398
3 0.380068 0.809606 0.048986 0.038194
4 0.196368 0.891204 0.038007 0.069444
5 0.282095 0.890625 0.065878 0.054398
1 0.230152 0.722801 0.137669 0.121528
0 0.878801 0.440394 0.039696 0.049769
0 0.964527 0.570023 0.018581 0.038194
2 0.814611 0.488426 0.017736 0.030093
3 0.883446 0.492477 0.016892 0.045139
0 0.733108 0.528935 0.052365 0.041667
1 0.746622 0.634838 0.082770 0.091435
3 0.708615 0.701389 0.043919 0.032407
5 0.695524 0.873264 0.038007 0.052083
4 0.644426 0.864583 0.054054 0.046296
0 0.336571 0.536458 0.026182 0.028935
0 0.610220 0.416088 0.048142 0.056713
1 0.632601 0.534144 0.092905 0.146991
2 0.595439 0.615162 0.025338 0.035880
0 0.034628 0.515046 0.030405 0.037037
