0 0.724240 0.627894 0.017736 0.021991
0 0.501267 0.375000 0.046453 0.037037
0 0.611909 0.414931 0.046453 0.061343
0 0.877956 0.435764 0.041385 0.042824
0 0.713260 0.541667 0.024493 0.032407
0 0.965372 0.568866 0.021959 0.040509
0 0.338682 0.541088 0.028716 0.026620
0 0.286740 0.616898 0.054899 0.076389
0 0.034628 0.516782 0.030405 0.040509
1 0.020693 0.574653 0.029561 0.084491
1 0.228885 0.705440 0.108108 0.116898
1 0.327703 0.592014 0.028716 0.068287
1 0.500000 0.526620 0.084459 0.173611
1 0.632179 0.535880 0.088682 0.150463
1 0.703125 0.587384 0.019426 0.061343
1 0.701858 0.657986 0.027027 0.045139
1 0.867399 0.557292 0.060811 0.128472
1 0.972973 0.619792 0.016892 0.056713
3 0.358108 0.796296 0.042230 0.048611
2 0.291807 0.810764 0.046453 0.047454
5 0.272804 0.865741 0.055743 0.046296
4 0.198480 0.868634 0.033784 0.054398
2 0.447635 0.635995 0.028716 0.068287
3 0.551098 0.625579 0.027872 0.070602
4 0.472973 0.848380 0.038851 0.067130
5 0.549831 0.854167 0.042230 0.053241
2 0.595017 0.620370 0.026182 0.039352
3 0.638091 0.620949 0.027872 0.052083
5 0.679476 0.813657 0.031250 0.078704
3 0.885557 0.490741 0.014358 0.048611
2 0.814189 0.487847 0.018581 0.028935
