2 0.328906 0.127778 0.129688 0.252778
1 0.288281 0.437500 0.081250 0.075000
0 0.259766 0.384722 0.144531 0.102778
3 0.257031 0.774306 0.260937 0.437500
3 0.433594 0.854861 0.023438 0.051389
3 0.549609 0.876389 0.082031 0.150000
0 0.515234 0.747917 0.039844 0.051389
2 0.476562 0.797222 0.020313 0.047222
4 0.613672 0.945139 0.024219 0.065278
3 0.643750 0.877778 0.032813 0.083333
2 0.542188 0.365972 0.117188 0.226389
1 0.780078 0.426389 0.105469 0.080556
0 0.793750 0.387500 0.165625 0.255556
3 0.786719 0.840278 0.251563 0.269444
