0 0.361719 0.232639 0.135937 0.148611
1 0.364063 0.322222 0.093750 0.052778
3 0.318359 0.678472 0.217969 0.540278
2 0.469531 0.910417 0.070312 0.179167
0 0.516016 0.535417 0.038281 0.043056
3 0.546484 0.627778 0.039844 0.177778
5 0.553906 0.961111 0.060937 0.052778
0 0.662500 0.503472 0.042188 0.054167
0 0.624609 0.330556 0.025781 0.027778
3 0.629687 0.377083 0.037500 0.059722
3 0.654297 0.611111 0.021094 0.100000
3 0.805859 0.690278 0.222656 0.536111
1 0.804297 0.345833 0.088281 0.052778
0 0.810937 0.246528 0.139063 0.168056
