1 0.320312 0.453472 0.054688 0.065278
3 0.292187 0.796528 0.256250 0.390278
3 0.150781 0.871528 0.064062 0.168056
3 0.437109 0.861111 0.014844 0.044444
0 0.285547 0.385417 0.150781 0.065278
0 0.509375 0.769444 0.031250 0.050000
3 0.549609 0.882639 0.053906 0.187500
3 0.656641 0.880556 0.022656 0.080556
4 0.632031 0.934028 0.017188 0.059722
3 0.789844 0.853472 0.257812 0.273611
1 0.776563 0.437500 0.114062 0.088889
0 0.818750 0.334722 0.175000 0.100000
2 0.560547 0.371528 0.119531 0.237500
4 0.334766 0.139583 0.144531 0.276389
