0 0.328906 0.204167 0.117188 0.166667
1 0.329297 0.303472 0.089844 0.031944
3 0.335547 0.640972 0.250781 0.545833
4 0.172266 0.888889 0.072656 0.213889
2 0.491016 0.898611 0.060156 0.186111
0 0.514062 0.504167 0.042188 0.058333
3 0.536719 0.595139 0.046875 0.179167
0 0.621484 0.304861 0.019531 0.031944
3 0.621484 0.354167 0.032031 0.050000
5 0.550781 0.894444 0.051562 0.036111
3 0.753906 0.675000 0.221875 0.508333
0 0.799609 0.237500 0.116406 0.177778
1 0.803516 0.339583 0.097656 0.045833
4 0.635156 0.934028 0.070312 0.126389
2 0.897266 0.942361 0.053906 0.104167
