0 0.789844 0.261806 0.131250 0.187500
3 0.781641 0.698611 0.227344 0.538889
1 0.791016 0.361111 0.110156 0.061111
4 0.614844 0.926389 0.059375 0.136111
0 0.625781 0.350694 0.025000 0.026389
3 0.628125 0.399306 0.026562 0.056944
0 0.659375 0.512500 0.018750 0.041667
0 0.515234 0.545833 0.039844 0.063889
3 0.554688 0.648611 0.076563 0.202778
3 0.448437 0.654861 0.023438 0.048611
4 0.375781 0.615972 0.107813 0.201389
1 0.276562 0.326389 0.093750 0.047222
0 0.276172 0.227778 0.147656 0.161111
3 0.224609 0.693056 0.255469 0.538889
