0 0.364844 0.251389 0.120313 0.163889
1 0.365625 0.343750 0.089063 0.043056
3 0.359375 0.685417 0.231250 0.551389
2 0.507812 0.907639 0.053125 0.184722
4 0.196875 0.933333 0.060937 0.133333
0 0.218750 0.494444 0.035937 0.055556
3 0.191016 0.615278 0.046094 0.141667
0 0.519922 0.513194 0.038281 0.073611
3 0.547266 0.622917 0.050781 0.159722
0 0.621484 0.318750 0.024219 0.029167
3 0.627344 0.363194 0.025000 0.045833
0 0.768359 0.251389 0.132031 0.169444
3 0.757812 0.684722 0.260937 0.525000
2 0.953516 0.926389 0.072656 0.147222
4 0.614062 0.953472 0.056250 0.084722
