0 0.278125 0.228472 0.126562 0.184722
1 0.286328 0.340278 0.103906 0.033333
3 0.309375 0.697222 0.262500 0.541667
2 0.444141 0.909722 0.063281 0.169444
4 0.142187 0.945139 0.065625 0.109722
0 0.535156 0.469444 0.037500 0.052778
3 0.536328 0.576389 0.047656 0.152778
5 0.542578 0.845833 0.039844 0.050000
0 0.650391 0.470139 0.032031 0.045833
3 0.650000 0.573611 0.039062 0.111111
0 0.616406 0.312500 0.020313 0.027778
3 0.623437 0.361806 0.025000 0.056944
6 0.617578 0.806944 0.035156 0.055556
0 0.820703 0.222222 0.135156 0.194444
3 0.800000 0.687500 0.248438 0.572222
