0 0.362500 0.200694 0.120313 0.187500
1 0.364063 0.306250 0.101562 0.031944
3 0.359375 0.638889 0.242188 0.572222
4 0.184375 0.889583 0.075000 0.184722
2 0.518359 0.925694 0.061719 0.148611
0 0.517969 0.497222 0.042188 0.063889
3 0.548047 0.575000 0.057031 0.136111
0 0.656250 0.468056 0.035937 0.055556
3 0.652734 0.575000 0.036719 0.111111
0 0.616797 0.308333 0.025781 0.025000
3 0.623437 0.341667 0.025000 0.041667
0 0.835938 0.192361 0.132812 0.162500
1 0.833203 0.292361 0.096094 0.051389
3 0.806250 0.649306 0.223438 0.551389
4 0.638281 0.927778 0.062500 0.144444
