0 0.133868 0.504630 0.026182 0.030093
0 0.036740 0.513310 0.026182 0.035880
0 0.335726 0.537616 0.022804 0.028935
1 0.019426 0.558449 0.030405 0.054398
1 0.116554 0.568287 0.040541 0.074074
1 0.332770 0.592593 0.032095 0.064815
0 0.293497 0.593750 0.065034 0.081019
1 0.226351 0.721065 0.130068 0.127315
2 0.301520 0.817708 0.060811 0.061343
3 0.377534 0.798032 0.043919 0.063657
4 0.279983 0.888310 0.068412 0.049769
5 0.198902 0.893519 0.046453 0.078704
0 0.611486 0.412616 0.045608 0.054398
1 0.631334 0.535301 0.090372 0.151620
2 0.594595 0.620370 0.025338 0.039352
3 0.638936 0.624421 0.029561 0.042824
0 0.879223 0.440394 0.038851 0.042824
1 0.867399 0.553241 0.062500 0.145833
3 0.885980 0.491898 0.016892 0.050926
2 0.813345 0.489005 0.018581 0.033565
5 0.677365 0.818287 0.025338 0.060185
5 0.866976 0.802662 0.019426 0.017361
