0 0.034206 0.515046 0.031250 0.037037
1 0.016047 0.557292 0.030405 0.061343
0 0.133868 0.502894 0.027872 0.024306
1 0.116554 0.566551 0.033784 0.079861
0 0.289696 0.596644 0.069257 0.086806
1 0.220861 0.699653 0.130912 0.174769
1 0.332770 0.591435 0.042230 0.067130
0 0.336149 0.538773 0.025338 0.033565
2 0.301520 0.814815 0.054054 0.057870
3 0.380912 0.799769 0.054054 0.057870
5 0.282095 0.884259 0.072635 0.055556
4 0.196791 0.888889 0.042230 0.076389
0 0.611064 0.413194 0.048142 0.062500
1 0.633024 0.534144 0.090372 0.165509
2 0.594595 0.618056 0.027027 0.043981
3 0.636824 0.622685 0.027027 0.050926
0 0.723395 0.625000 0.016047 0.020833
1 0.704392 0.653356 0.028716 0.054398
0 0.877111 0.436343 0.038007 0.046296
2 0.816301 0.486111 0.017736 0.032407
3 0.885557 0.490741 0.019426 0.048611
1 0.865287 0.552662 0.061655 0.133102
5 0.679476 0.817708 0.029561 0.059028
