0 0.500422 0.247106 0.068412 0.052083
1 0.496622 0.476852 0.126689 0.236111
3 0.570946 0.614583 0.035473 0.083333
2 0.425253 0.622685 0.038007 0.087963
4 0.459882 0.927662 0.058277 0.072917
5 0.567990 0.949074 0.051520 0.071759
0 0.035895 0.513889 0.029561 0.032407
1 0.020693 0.565972 0.027872 0.057870
0 0.133868 0.506366 0.027872 0.026620
1 0.117399 0.568866 0.038851 0.082176
0 0.336571 0.537616 0.024493 0.026620
1 0.331081 0.591435 0.033784 0.055556
0 0.619932 0.548032 0.021959 0.015046
1 0.615709 0.604167 0.027027 0.050926
0 0.714105 0.541088 0.022804 0.028935
1 0.696791 0.587963 0.020270 0.055556
0 0.722973 0.627894 0.016892 0.019676
1 0.702280 0.657407 0.019426 0.043981
0 0.877956 0.436921 0.034628 0.038194
1 0.864865 0.552083 0.062500 0.138889
2 0.814611 0.491319 0.019426 0.024306
3 0.884291 0.504051 0.011824 0.024306
0 0.965372 0.568287 0.021959 0.032407
1 0.979307 0.615741 0.024493 0.053241
